635 818 251
598680937 8
589 847 278 213 533 577 904 570
420377777 18
437 618 100 455 299 544 661 106 76 384 206 227 408 432 112 845 601 747
277043095 28
232 683 384 509 895 268 437 151 837 565 728 625 182 828 432 480 723 92 938 150 827 143 376 587 926 488 431 527
478264586 81
64 817 207 799 677 454 66 465 956 254 29 683 231 211 862 662 42 585 105 979 734 931 473 110 517 399 949 947 925 886 823 340 54 30 138 730 835 555 546 790 808 574 472 38 136 334 51 530 270 155 860 355 86 333 464 954 83 764 253 359 649 75 698 702 104 187 783 290 741 328 79 900 551 236 857 495 130 932 462 27 237
122431896 55
489 254 791 564 951 492 19 627 309 581 954 387 480 559 289 121 300 876 461 569 732 307 698 943 590 511 321 826 406 110 315 11 900 878 961 744 248 801 370 556 381 675 295 213 234 583 333 533 459 145 453 542 803 151 836
935077392 24
156 218 771 266 884 781 517 113 94 260 360 246 629 268 627 304 562 191 889 144 875 421 954 20
680046873 62
822 375 331 566 740 487 135 862 104 18 994 620 482 87 232 841 685 212 460 663 867 21 853 755 165 727 527 470 98 752 317 272 126 648 837 217 486 971 78 941 340 72 912 821 510 143 13 194 355 473 856 221 845 60 328 361 139 854 831 236 605 147
428910859 57
146 695 299 983 17 729 923 708 152 835 880 661 977 245 207 683 69 414 256 913 474 583 274 612 788 456 199 745 602 58 827 100 104 477 82 473 557 5 532 839 412 721 167 656 279 850 724 692 457 636 517 391 261 480 178 716 31
480408274 16
88 452 769 543 929 850 367 837 854 899 897 44 662 617 211 317
281701247 9
392 290 868 379 807 610 640 638 139
816365355 55
413 24 107 864 144 2 994 368 981 199 618 877 243 279 845 805 595 91 216 338 380 435 717 538 396 356 176 534 62 843 946 438 950 810 581 303 953 926 670 285 125 288 513 367 566 357 523 799 90 850 179 524 716 919 273
57020243 33
335 86 750 124 387 911 704 689 215 630 710 500 106 997 12 472 915 721 346 427 519 435 628 697 958 546 765 228 818 7 31 504 444
768231132 44
182 42 683 870 257 664 932 756 769 928 119 592 194 191 937 972 710 371 600 758 680 145 874 259 314 881 641 818 676 773 796 858 166 830 79 422 493 10 529 613 290 1000 204 483
462448190 27
455 251 214 406 9 893 902 234 503 215 466 144 384 142 268 532 999 433 361 429 207 854 439 87 728 86 22
609247210 36
865 16 878 79 421 238 323 674 472 826 241 937 321 624 430 588 155 780 372 516 209 930 721 647 17 538 374 454 911 935 81 776 951 311 854 723
659819900 62
749 723 353 989 660 673 612 441 119 221 336 634 429 265 706 75 633 243 800 87 154 734 519 929 36 181 134 111 81 661 859 803 14 847 814 38 810 255 650 928 827 985 913 601 618 681 234 861 832 672 366 917 190 294 953 371 779 415 439 625 605 804
418157823 54
194 632 25 843 912 203 179 824 457 131 442 489 364 654 320 35 19 236 577 664 540 947 306 749 232 930 705 388 752 475 581 736 851 775 647 53 953 822 861 435 615 349 799 268 20 185 638 256 761 301 147 59 94 453
517924159 25
734 864 713 838 690 645 573 541 419 571 593 723 392 454 157 7 154 307 626 174 492 264 781 604 916
832678927 62
10 731 821 687 465 36 751 654 726 395 226 266 165 148 210 887 539 15 897 521 702 875 694 193 138 826 796 405 752 810 766 835 983 804 651 18 906 304 743 652 881 360 816 28 922 54 918 936 449 815 456 150 41 501 342 178 326 489 934 430 700 616
222187633 46
266 650 761 921 745 412 801 456 228 180 377 281 97 665 729 263 472 230 303 325 923 832 118 431 62 817 46 23 663 695 783 583 791 195 735 247 774 914 623 406 363 639 135 625 463 716
35087280 22
639 463 788 402 580 219 815 748 616 860 771 279 554 553 213 345 99 948 943 872 861 565
686439278 92
556 764 200 18 479 831 804 469 293 591 870 873 161 684 620 129 543 390 759 449 295 971 145 393 270 87 617 131 3 246 705 558 9 256 575 839 438 730 660 731 673 529 603 833 565 574 313 107 316 71 907 610 42 51 354 311 137 322 793 140 567 850 49 927 457 624 118 895 777 977 377 305 931 562 221 504 874 328 819 297 586 780 338 637 486 1000 125 807 264 374 346 300
266581154 5
417 48 992 545 24
851077721 66
954 282 422 810 507 101 980 803 687 112 492 675 597 844 799 403 340 63 128 685 727 780 838 366 548 238 709 93 613 429 294 919 62 67 728 921 168 707 723 206 818 567 880 766 410 678 521 749 92 648 785 170 427 622 535 975 211 244 419 824 24 712 742 86 130 821
208492358 65
527 80 502 697 998 733 814 407 411 334 507 854 982 291 24 760 265 910 734 475 505 152 298 529 215 391 966 345 211 323 993 90 754 847 138 752 579 951 510 341 285 17 547 618 659 570 377 923 831 463 750 336 47 216 181 790 877 352 855 221 441 960 67 930 63
907946998 30
573 690 517 941 236 486 951 157 862 874 988 676 623 323 642 21 538 822 162 70 50 514 276 270 954 587 689 650 686 468
144590574 36
336 514 611 821 464 767 34 689 106 710 663 428 351 684 317 524 845 738 925 365 194 16 952 882 251 601 919 718 174 294 53 39 256 873 854 374
611253258 93
480 967 205 259 669 240 928 544 437 17 468 146 382 14 161 685 895 411 637 814 162 459 532 200 66 756 405 439 299 270 332 504 529 353 95 456 896 531 824 716 677 729 189 241 975 600 877 140 79 38 598 963 589 663 718 346 454 83 644 723 415 499 603 119 594 58 124 234 81 152 790 809 693 31 784 907 275 722 297 225 36 237 239 754 582 692 188 226 767 954 724 369 72
43204669 11
438 793 12 518 296 801 327 988 831 462 631
528592090 69
705 386 312 92 974 551 197 556 242 385 133 8 338 208 377 410 877 155 847 669 518 364 316 318 42 656 149 855 638 238 943 694 975 254 786 948 804 982 398 718 987 757 56 195 817 71 639 663 91 156 378 758 826 420 765 626 755 563 568 800 889 822 585 188 625 919 43 374 636
409355381 40
691 927 615 507 349 254 521 791 761 251 901 586 670 17 911 647 771 473 215 571 713 36 12 425 943 386 413 675 516 455 954 130 314 302 735 834 445 848 436 345
673327785 99
361 696 104 484 520 318 54 233 705 560 133 68 337 427 453 101 320 555 406 802 868 708 888 504 735 489 848 946 567 401 43 438 718 448 22 422 360 154 48 932 294 148 385 965 790 766 922 849 654 327 352 740 167 551 611 464 463 177 864 505 967 933 305 988 354 16 142 195 63 425 840 210 809 804 615 951 151 927 214 503 666 733 405 277 196 867 805 412 724 771 344 28 759 50 252 596 457 435 18
71867189 35
632 139 863 520 289 141 85 143 807 817 548 435 365 414 591 776 137 362 471 164 472 558 75 467 14 102 253 31 290 195 15 428 57 534 69
35826198 40
211 356 435 758 142 151 524 732 278 660 445 748 176 916 620 733 990 438 99 92 691 481 885 495 161 293 28 581 842 998 143 549 784 901 690 934 424 422 563 218
696433662 54
134 633 695 475 71 145 918 761 625 651 997 472 163 289 851 95 483 848 237 31 983 137 721 268 912 494 830 699 711 492 308 196 476 354 23 546 498 940 658 942 654 298 456 295 148 550 777 348 787 807 682 275 879 950
380122539 17
131 237 787 974 896 334 450 602 356 995 451 648 653 925 589 658 574
927575045 78
74 946 80 421 732 239 454 7 117 403 545 193 534 133 331 507 28 664 308 629 372 303 19 307 356 959 964 930 355 268 3 301 347 775 32 585 580 390 54 983 286 598 868 418 928 726 446 943 34 426 314 688 857 684 994 213 995 309 494 701 848 353 275 974 737 211 553 126 616 887 412 754 181 492 480 626 435 865
877850404 79
552 260 136 897 824 482 205 317 182 133 516 887 759 489 623 321 42 748 937 928 511 501 34 692 993 865 669 779 729 424 230 280 684 365 528 507 198 732 176 216 691 618 326 532 240 647 573 339 935 852 202 435 237 893 427 101 913 557 181 337 787 812 372 503 701 423 405 432 638 448 401 316 979 640 962 903 330 896 106
254091531 90
343 775 109 795 40 665 976 376 803 139 99 306 478 328 358 252 85 789 889 532 541 204 510 180 517 764 861 869 392 446 211 518 906 557 570 333 284 725 823 382 30 652 62 387 903 146 527 144 677 67 699 538 598 568 301 458 331 169 201 776 732 719 681 89 627 603 773 911 327 947 644 708 599 705 501 850 972 996 878 390 695 415 987 262 796 944 588 997 720 319
125766067 14
759 693 354 531 955 32 477 599 91 427 303 536 280 505
867996859 56
382 248 321 797 586 582 863 734 878 450 82 597 120 148 348 192 54 760 147 437 589 97 528 15 399 415 646 903 274 921 285 873 241 433 811 175 647 544 52 449 625 1000 568 124 699 798 315 104 909 813 541 497 420 864 660 834
400853509 100
107 781 198 332 22 982 142 548 629 37 951 77 661 950 996 136 648 793 450 752 702 615 644 550 523 63 765 182 248 274 448 707 406 997 38 427 979 531 326 959 567 276 387 579 225 382 714 527 515 328 580 129 971 4 385 246 537 984 519 690 924 981 79 703 609 28 917 175 304 303 105 880 36 818 104 562 685 431 141 813 753 622 816 489 867 705 473 737 688 514 12 668 593 66 978 201 446 728 101 900
879610832 43
936 2 436 849 686 218 342 850 323 315 18 811 181 722 635 269 409 149 632 429 93 698 758 293 495 4 372 595 255 556 574 190 557 9 391 594 579 84 443 901 398 460 711
425959930 37
698 198 294 181 722 290 230 479 934 724 834 306 318 89 213 244 630 121 604 20 714 182 103 508 82 852 320 145 781 842 330 39 511 218 328 740 49
775192261 52
882 918 133 970 130 376 952 250 332 971 315 513 426 823 947 277 494 91 58 345 932 739 842 322 249 59 1 341 459 613 156 531 640 662 660 16 262 699 936 576 211 713 750 157 989 243 599 398 940 530 137 781
728523203 42
191 203 77 650 816 584 342 698 224 3 709 591 968 970 289 903 898 851 615 647 360 955 890 958 705 829 488 193 961 42 281 503 245 710 504 412 293 845 109 868 200 817
891561458 91
139 746 421 36 949 387 34 308 693 923 265 397 103 104 941 415 146 222 918 742 931 153 575 618 613 443 817 781 252 983 919 350 755 954 298 141 988 605 833 262 869 582 717 973 522 483 470 95 400 211 377 173 715 304 790 679 958 459 997 292 378 346 46 683 995 186 22 599 370 284 820 951 352 144 825 834 586 175 648 110 241 251 48 208 396 499 106 896 789 736 433
881357810 50
802 445 506 105 148 649 929 334 613 199 271 787 198 380 379 982 297 547 189 25 943 39 483 684 286 771 718 432 809 519 229 314 975 376 255 61 926 806 331 64 3 62 442 503 43 90 49 583 467 991
101988973 48
26 258 571 149 975 2 957 846 582 271 820 310 936 427 370 862 232 701 277 586 114 719 88 157 160 489 739 626 831 712 926 209 969 496 357 296 850 665 141 431 287 312 740 223 90 462 84 321
660821514 52
907 627 430 346 783 942 186 874 567 17 937 845 225 905 340 933 552 189 597 44 972 884 708 711 106 797 524 541 118 37 252 376 16 682 73 798 623 259 23 959 385 203 216 77 135 767 265 731 811 236 614 518
670639299 82
666 174 611 135 211 863 510 226 896 935 375 870 545 398 410 171 708 147 373 923 223 859 690 839 589 852 427 555 721 725 977 386 898 588 521 460 802 382 37 697 316 412 566 212 161 327 734 868 825 458 791 47 832 238 257 35 664 163 755 740 139 492 637 726 364 449 879 746 485 575 413 248 625 760 710 980 995 168 770 394 483 953
596280631 22
987 294 901 93 385 392 936 21 117 300 821 996 397 658 922 809 257 766 785 17 495 282
796161662 11
27 496 421 657 587 759 302 839 203 686 230
775421138 20
699 437 231 46 833 240 967 994 497 732 778 865 19 624 212 653 637 328 679 133
258714100 51
71 858 989 909 60 27 491 197 437 189 986 667 234 170 907 552 163 755 636 293 619 654 268 830 306 905 509 337 389 608 24 811 465 364 719 876 390 209 424 178 749 409 845 982 931 103 534 93 169 737 827
618579174 51
8 832 613 516 168 1 475 543 811 291 906 881 166 296 442 589 473 542 350 669 524 280 123 409 724 331 929 813 509 454 169 637 781 383 156 133 857 698 295 147 604 527 664 251 968 605 75 510 954 744 385
334309585 43
145 308 901 425 120 409 878 640 277 867 420 11 22 552 868 720 198 366 323 725 382 573 692 986 647 553 291 742 289 875 312 785 182 212 209 654 972 439 293 600 305 65 611
982312326 45
830 45 166 195 367 890 928 291 933 913 938 838 203 31 478 77 342 263 611 553 471 616 877 261 908 476 565 324 86 891 292 915 287 809 462 6 50 389 296 334 654 585 523 856 1
412899285 53
263 895 862 85 510 738 346 769 213 262 445 651 504 88 917 791 896 378 148 297 119 443 630 772 380 505 979 995 303 157 164 555 18 901 252 139 466 514 583 116 17 22 384 159 762 306 565 232 101 546 3 480 50
907306981 31
906 596 128 376 752 644 931 122 896 182 612 361 47 194 828 416 215 212 574 483 325 232 399 908 332 944 910 163 346 242 988
73418251 58
467 627 941 110 909 414 358 442 25 718 489 570 898 256 136 461 829 970 785 60 368 44 743 663 305 905 8 546 892 611 735 711 237 27 172 497 792 529 938 168 599 426 737 496 681 224 956 862 545 92 273 264 135 16 926 439 272 286
584364336 63
896 422 226 484 800 397 980 591 926 917 758 524 695 846 371 727 69 678 940 965 769 213 228 255 580 154 45 851 791 732 366 686 521 305 340 852 265 768 5 140 814 510 893 271 187 832 236 307 396 463 913 327 968 957 178 40 895 795 545 838 667 850 177
750052518 57
793 638 101 932 451 951 343 574 979 175 809 637 922 623 549 249 591 857 778 700 896 672 847 441 861 513 290 389 31 386 181 20 486 464 470 789 608 165 362 938 691 170 612 792 122 860 734 330 989 786 226 661 632 666 873 496 307
740386262 14
44 794 897 529 610 367 317 217 883 678 155 573 199 80
830416184 19
554 396 428 883 384 213 108 844 125 621 692 783 882 569 826 27 466 355 988
149078184 60
205 66 53 711 990 251 142 173 593 695 920 21 578 656 585 685 403 429 162 23 472 944 256 40 770 283 505 476 270 498 826 457 550 888 446 153 30 971 97 724 890 469 653 897 54 338 300 834 851 322 305 794 344 915 212 201 390 833 240 11
410106697 19
898 142 941 279 464 390 355 354 858 7 250 911 696 901 744 546 223 48 692
656057800 60
606 11 944 348 195 183 587 205 231 375 455 725 668 733 188 57 439 541 266 446 143 177 493 395 920 391 617 320 82 768 711 39 130 6 386 325 972 529 419 699 983 495 718 68 682 126 506 575 303 69 567 796 463 839 538 80 158 971 847 220
992291009 5
225 747 653 764 70
230584181 43
120 164 28 837 583 710 314 88 284 705 391 704 623 538 166 813 427 597 970 397 796 541 757 124 765 503 776 881 925 956 414 44 471 442 233 53 546 493 138 602 235 841 577
762763772 85
389 198 955 711 946 750 251 702 873 368 557 648 248 833 661 876 778 454 460 182 956 358 26 445 959 260 285 887 383 643 276 580 597 338 877 346 940 931 570 307 487 569 906 319 523 919 546 652 724 6 186 680 715 211 124 673 471 761 912 853 403 539 785 351 13 696 815 943 265 474 429 731 99 707 649 997 725 354 896 404 68 458 879 92 280
680783991 63
133 745 541 269 95 768 281 142 935 576 406 408 356 590 490 807 649 139 803 711 863 508 958 618 575 415 848 18 695 191 21 179 913 799 30 681 431 171 615 6 929 374 362 870 168 353 322 580 567 829 537 536 755 304 736 772 350 926 144 528 860 409 678
424469241 49
108 412 55 466 692 428 827 561 642 346 431 995 667 362 913 847 251 449 953 554 184 724 903 461 220 782 672 628 459 68 566 676 474 31 367 253 209 927 894 709 240 572 71 153 770 321 722 874 488
686733798 87
948 17 909 971 996 367 883 415 284 558 888 315 924 140 875 203 385 781 911 625 704 333 129 474 653 81 195 878 920 344 5 219 712 913 189 707 631 72 473 915 981 581 257 455 811 588 235 721 564 939 406 692 764 58 124 958 288 395 654 292 613 365 557 801 424 187 224 896 453 608 33 813 810 488 975 749 74 695 312 12 100 355 775 510 830 85 797
22898224 80
440 836 454 348 989 877 887 212 773 339 768 732 724 932 893 211 906 642 636 953 648 404 660 774 265 489 210 413 65 299 853 900 753 552 888 981 438 452 105 129 571 852 503 729 414 760 722 49 64 674 48 468 685 174 735 497 238 34 701 138 252 470 42 532 575 522 102 762 725 956 842 716 563 538 131 589 938 598 273 111
251572682 42
845 178 35 230 878 876 719 481 604 189 522 135 763 43 588 119 544 718 256 611 280 146 741 868 83 691 493 193 372 290 389 901 677 971 130 904 689 610 859 229 132 345
493069343 58
932 219 645 475 936 252 437 567 749 178 787 831 220 279 375 943 920 116 843 596 86 972 851 126 933 709 355 416 53 697 942 985 267 938 811 202 541 248 121 290 777 907 472 996 537 847 456 314 132 404 399 455 254 876 387 963 230 803
805552015 11
96 999 545 385 162 99 925 409 219 566 537
844474125 78
884 661 588 173 468 901 304 871 651 110 125 526 496 87 756 650 453 386 745 804 930 129 965 28 406 373 598 323 261 74 712 144 86 299 316 554 199 971 424 849 432 900 375 927 338 482 577 791 867 673 594 148 154 558 528 559 282 881 542 945 685 284 243 352 189 794 674 642 105 864 368 31 202 201 959 992 67 984
827604937 36
137 494 742 695 127 218 927 668 768 223 704 404 466 55 592 611 728 556 252 184 420 972 214 973 172 525 316 591 508 157 996 97 250 690 467 968
967670890 68
191 945 638 8 999 229 618 78 137 221 261 908 544 826 880 716 702 195 658 561 798 814 556 894 63 245 468 881 565 709 115 107 653 104 114 651 685 83 80 821 303 340 728 847 517 959 914 219 153 571 779 302 736 335 150 931 662 30 722 145 953 374 248 418 376 932 500 455
457863104 42
146 831 1 14 789 914 232 293 836 363 594 923 49 140 72 979 153 101 178 874 245 130 247 845 548 974 128 399 428 553 925 414 939 555 818 522 847 5 884 793 927 932
799201932 71
263 437 99 440 310 695 921 909 539 820 882 667 219 662 250 771 938 663 676 228 217 493 750 416 850 985 208 776 269 491 126 883 927 576 674 589 270 594 849 161 766 82 179 984 743 428 106 33 90 781 260 307 626 361 74 827 346 281 602 614 123 727 496 50 302 169 990 924 114 838 84
369568879 57
262 214 662 41 672 46 130 804 305 788 429 666 861 255 363 493 209 328 616 287 175 17 941 343 6 864 808 843 299 39 761 912 252 774 952 923 819 433 727 476 573 507 785 114 855 278 674 182 245 960 356 261 50 266 115 108 765
397094247 3
676 499 994
440730979 59
812 764 851 639 336 358 131 120 823 337 749 496 518 993 455 225 605 707 626 870 173 835 329 290 81 549 317 931 542 296 704 705 411 554 696 746 263 826 217 85 163 966 580 32 310 387 609 915 93 234 136 617 68 465 258 501 365 575 431
423630258 70
134 314 632 40 9 729 302 187 945 387 701 262 966 732 924 352 692 838 796 926 325 765 345 789 22 845 505 596 276 762 169 761 76 800 84 880 102 270 825 488 322 438 805 54 361 509 97 550 304 875 420 719 15 442 563 520 389 281 910 951 708 61 750 792 941 851 413 117 690 735
524391554 63
140 267 355 588 816 10 610 690 430 328 57 223 242 576 963 432 208 872 382 916 933 131 59 873 334 823 341 23 557 894 221 48 512 575 636 585 597 369 14 276 425 517 352 550 300 560 422 681 475 354 164 533 578 497 918 871 264 163 92 663 675 666 650
636209354 23
246 722 615 873 499 554 742 850 104 41 409 525 74 883 230 237 767 159 733 474 428 603 89
406533942 44
751 616 712 401 321 313 998 43 280 223 893 833 964 742 288 356 151 164 429 385 393 665 504 903 749 977 330 704 65 624 167 239 812 919 912 477 917 306 108 139 198 940 454 939
234141580 51
441 743 590 178 136 606 681 390 355 9 72 410 425 695 158 943 285 322 862 196 798 130 501 905 620 698 73 989 775 233 781 518 174 310 5 780 342 746 486 350 817 247 126 511 756 421 796 77 282 343 226
132477411 89
482 382 893 678 806 233 804 390 366 673 564 675 29 695 17 775 532 591 778 844 454 533 264 249 962 897 943 187 659 786 21 40 31 698 845 615 853 234 980 526 149 655 906 843 671 680 726 388 623 855 231 76 740 846 676 701 94 618 239 752 756 259 143 138 308 339 161 925 732 38 73 386 295 268 56 975 345 795 949 200 26 376 939 223 403 991 317 372 229
931752420 6
840 563 616 147 253 368
963845659 38
99 48 602 836 695 869 243 669 565 37 969 764 414 344 702 989 746 692 305 117 273 76 596 112 990 211 610 930 621 419 28 20 215 714 240 457 734 805
304646846 42
920 259 397 622 247 494 665 903 963 937 979 910 400 968 472 362 210 402 334 981 781 353 352 996 419 592 804 152 748 649 206 667 908 954 640 506 800 305 409 762 593 739
894763023 99
58 494 620 895 391 600 676 743 951 23 513 894 826 665 641 827 222 660 86 527 299 591 326 603 351 439 548 89 461 244 499 307 301 118 553 691 69 580 785 371 602 298 265 780 314 257 606 887 916 413 215 281 739 169 984 177 68 424 990 311 922 296 963 848 653 459 428 790 182 381 446 160 752 54 117 970 807 402 536 440 492 704 423 669 124 198 10 786 120 657 749 862 504 401 673 283 542 854 16
82774980 45
175 83 704 292 72 25 450 826 560 889 317 616 663 337 739 213 346 524 332 2 272 545 858 217 492 918 422 507 898 34 776 325 404 152 126 581 712 15 897 327 29 234 417 241 931
462831292 66
285 916 469 142 292 37 633 209 459 492 458 882 525 790 657 201 545 809 326 125 872 340 21 550 721 606 318 313 537 609 237 821 876 57 962 519 445 946 728 255 789 185 137 793 513 870 953 839 994 176 530 15 725 250 620 42 915 156 3 151 328 230 559 641 749 939
487608476 38
727 12 394 40 338 538 904 207 843 742 201 370 624 567 95 225 186 488 139 694 842 641 21 72 199 14 820 554 952 295 163 678 658 908 69 995 797 973
73852554 39
66 106 9 689 672 455 266 209 294 404 902 136 45 275 207 595 288 26 148 239 662 268 329 569 337 676 366 661 581 356 726 686 716 767 357 170 32 565 464
3835787 50
951 831 93 157 426 732 182 925 322 205 587 589 885 507 912 872 585 492 228 663 529 295 781 237 465 812 154 280 598 972 230 416 738 558 499 271 834 820 475 420 408 711 279 685 623 150 621 466 729 635
979763995 35
415 583 840 578 736 471 176 59 700 308 826 789 865 324 698 143 533 470 903 243 748 587 217 249 559 683 978 194 29 353 608 963 192 186 699
699652662 36
109 713 20 935 501 236 610 559 285 753 443 754 7 37 945 606 102 503 640 79 48 431 8 982 974 545 32 987 257 141 51 628 75 551 215 684
761809461 57
788 255 253 146 643 105 90 248 206 945 887 636 992 906 418 351 888 743 895 919 729 503 411 779 482 837 681 696 521 493 195 660 747 799 806 742 247 989 813 543 228 800 133 218 237 372 312 132 41 634 405 171 116 242 852 163 114
435190696 19
773 795 507 930 536 114 529 524 278 71 103 77 957 236 646 194 959 958 677
385311953 86
662 358 520 129 599 723 292 712 419 1000 836 213 859 118 748 324 646 623 601 68 726 677 25 313 675 570 632 598 928 981 259 285 500 388 235 223 679 298 641 30 485 205 888 602 304 211 926 163 667 3 840 43 514 964 290 497 561 217 477 819 853 328 558 439 550 236 88 542 266 572 98 505 526 401 124 327 230 142 681 421 536 348 286 499 989 782
442756059 86
258 230 409 938 787 199 487 375 286 381 992 209 478 496 86 879 915 562 557 145 703 589 565 239 936 851 89 276 984 148 832 594 729 592 531 515 790 369 889 427 749 880 988 579 728 73 809 642 634 717 138 689 305 55 279 593 257 367 868 240 866 52 833 643 363 109 785 732 349 211 581 198 410 660 623 570 653 256 791 296 943 845 574 535 101 941
800405754 28
806 805 525 400 448 239 860 232 322 560 794 506 492 344 267 151 966 837 156 573 122 946 869 416 142 442 950 242
612849734 5
933 540 860 809 291
711222659 57
502 242 721 413 36 226 905 731 845 407 48 681 562 620 154 859 840 570 1000 634 871 593 367 926 878 258 138 686 548 796 437 401 38 158 814 425 735 718 155 931 476 202 611 173 117 896 13 248 998 908 364 186 69 974 323 107 873
807195118 4
274 507 52 87
67666931 34
156 437 69 631 990 32 20 515 148 268 527 185 876 444 706 239 629 775 564 951 881 421 423 710 279 475 562 613 303 998 33 285 340 64
627388657 100
211 924 732 747 790 607 191 495 197 819 621 761 122 501 894 276 906 172 750 405 733 714 59 83 746 695 422 162 351 275 372 274 358 119 415 964 661 262 512 831 882 272 952 383 468 658 725 369 759 481 453 824 539 535 921 234 308 82 584 934 806 210 291 976 606 936 237 118 389 853 209 618 862 285 986 620 766 791 795 656 325 67 889 633 825 566 306 386 933 361 814 220 598 931 337 716 672 758 920 880
940942376 66
516 713 752 281 503 546 937 180 612 177 164 464 1 81 769 386 289 701 747 455 272 696 385 609 763 408 718 682 639 445 462 155 158 213 787 12 110 75 543 721 252 706 537 604 139 305 342 427 358 88 233 629 135 618 589 897 25 307 578 16 751 39 170 260 603 956
983342624 16
383 518 784 634 576 320 589 714 625 930 492 334 17 725 314 503
804401694 83
399 70 913 328 85 15 366 254 627 320 562 250 31 944 119 815 929 694 134 517 759 110 447 251 795 327 109 318 20 715 68 441 396 526 641 113 131 267 433 44 868 463 987 629 32 763 784 791 224 582 393 19 71 479 65 90 193 133 882 819 880 407 459 992 890 726 776 933 945 239 272 931 867 538 315 981 673 457 205 849 223 2 271
22047053 95
712 245 550 593 63 429 1000 521 773 241 598 548 173 543 138 444 825 357 982 139 337 6 947 893 260 147 467 261 417 519 678 128 763 580 721 360 72 698 132 312 647 32 836 541 169 280 366 877 613 856 566 618 803 458 229 949 925 489 795 845 558 98 565 734 809 988 783 941 651 782 324 487 322 844 766 39 730 895 286 347 49 743 576 349 19 416 714 814 911 723 735 475 808 544 815
406364591 60
465 372 159 951 45 2 716 84 722 797 978 7 144 378 102 71 726 120 838 792 285 124 702 359 858 528 167 401 342 757 236 807 480 394 524 748 825 607 469 621 936 476 116 313 929 186 391 400 376 182 685 499 883 43 708 410 209 461 752 317
139042048 38
148 794 666 672 541 842 630 9 463 918 836 578 582 116 972 516 843 505 200 693 387 594 400 149 155 212 252 823 612 161 971 405 178 994 945 20 975 305
147041834 37
493 763 474 608 230 797 123 72 302 674 764 40 620 516 188 126 727 791 948 338 303 270 94 481 615 390 852 590 695 685 833 539 799 658 498 29 455
187250973 99
108 646 216 147 617 731 687 94 809 477 42 499 780 663 592 612 278 334 463 219 380 403 918 649 61 415 29 867 387 481 974 385 696 472 353 778 158 447 938 987 840 436 766 502 729 131 713 191 701 92 41 104 361 689 516 127 718 382 866 550 707 602 245 178 954 374 336 752 311 674 591 99 439 445 830 519 927 542 628 985 101 83 345 141 598 823 210 331 688 759 37 289 355 566 243 80 253 346 391
562115926 79
841 716 733 670 234 659 211 294 638 547 746 72 243 887 21 65 448 351 753 559 739 393 913 305 987 993 557 333 735 835 269 575 550 1 244 784 11 806 429 649 704 175 720 946 413 741 10 860 443 114 418 182 859 683 838 845 27 177 761 580 797 687 130 149 930 265 160 87 693 790 867 879 279 971 491 766 562 260 299
724199420 66
136 264 968 233 793 80 813 589 766 294 738 47 558 249 133 602 408 274 469 638 360 99 961 808 941 726 721 201 376 492 142 863 107 462 95 899 541 259 840 659 552 929 705 461 177 190 63 936 815 883 925 175 981 885 334 922 962 406 474 337 897 615 199 3 428 254
110022321 45
445 979 456 373 35 916 901 576 978 188 391 860 112 917 193 997 250 114 958 655 939 295 903 905 493 257 333 138 862 5 690 306 335 145 30 369 412 930 945 390 117 601 229 251 793
747067577 93
258 534 858 196 180 112 101 25 368 785 162 230 789 203 535 123 699 917 491 111 846 787 852 315 121 452 895 723 245 471 926 854 356 783 50 888 894 150 912 614 934 425 195 722 980 81 30 997 686 492 843 473 343 509 945 147 403 20 743 225 596 580 80 645 819 325 794 730 290 79 507 484 152 486 565 347 515 561 33 7 755 857 701 263 153 847 17 524 589 241 469 185 173
14745900 14
343 576 975 73 866 405 931 349 557 416 265 903 282 826
728045287 32
932 495 693 547 1000 539 915 523 480 156 343 16 680 242 196 22 818 522 446 683 927 376 383 835 143 648 89 777 825 728 416 108
684193222 14
654 573 999 569 96 830 76 438 845 107 680 392 480 849
957657914 47
883 192 653 617 26 148 616 466 276 440 193 691 548 767 151 553 339 501 121 434 330 872 526 654 903 917 486 103 830 763 337 373 953 398 914 569 864 189 360 408 232 259 174 734 812 513 586
583201284 83
267 832 169 792 837 423 708 322 525 890 84 861 262 851 166 12 116 734 227 657 93 634 240 704 808 973 515 672 910 798 969 176 981 138 967 818 560 26 491 437 915 575 649 529 777 814 540 244 899 118 900 344 751 139 47 463 561 933 372 710 902 691 39 865 860 950 243 350 738 157 276 387 37 404 200 928 648 99 45 547 794 148 38
874048840 39
500 752 342 224 461 243 122 503 633 339 714 582 581 64 320 89 691 58 126 95 609 405 742 59 450 640 852 597 677 357 529 442 698 104 255 292 225 757 924
76690915 40
858 847 886 529 936 928 586 413 22 194 817 115 253 266 755 456 214 783 147 571 663 940 620 766 912 343 303 835 257 125 44 104 10 572 391 937 509 803 311 55
831291971 27
307 589 531 762 154 666 260 76 328 552 696 94 745 607 436 399 793 44 523 837 499 884 760 889 173 269 43
790620483 38
366 259 981 954 142 94 107 159 706 183 486 257 230 931 353 188 718 752 980 114 626 168 612 510 280 853 34 548 247 868 222 126 554 565 619 999 24 129
711071704 94
615 312 787 897 665 974 768 305 80 745 473 691 254 752 895 639 651 142 506 224 105 984 129 22 602 127 45 731 183 954 697 494 92 945 510 65 911 277 721 990 374 545 33 979 648 927 618 650 420 123 873 525 106 1 546 60 480 942 662 838 155 986 134 17 402 645 474 34 18 19 66 997 666 993 614 316 764 736 540 288 194 541 833 253 20 126 394 583 187 357 716 555 110 112
314468200 87
146 217 954 211 213 971 555 826 638 671 914 178 958 107 70 143 711 441 268 456 473 640 38 11 348 105 566 810 765 745 714 981 698 276 546 668 183 371 306 853 636 835 742 904 304 804 344 572 259 168 563 648 910 95 71 321 859 815 386 192 512 661 737 532 843 459 189 695 447 23 857 188 278 160 973 731 602 140 645 250 669 907 354 764 977 26 974
87956792 35
517 655 423 605 186 266 64 726 312 510 748 168 49 377 328 392 349 58 346 840 55 595 509 961 300 624 937 677 597 80 439 466 735 861 70
325970272 56
485 998 790 346 97 957 747 474 284 138 174 694 835 14 748 781 874 708 80 497 996 108 445 76 546 910 810 407 980 81 236 464 430 25 527 982 556 352 617 45 525 310 232 538 57 12 411 116 444 259 112 551 704 539 613 700
988815855 12
780 90 760 562 115 921 88 448 828 439 64 872
581857315 96
455 853 782 467 615 250 910 874 713 460 577 251 908 541 950 762 837 81 204 596 642 318 516 117 343 871 180 566 538 905 21 390 39 487 356 288 748 581 1000 207 509 602 115 50 551 228 886 983 431 833 977 100 348 409 216 690 632 607 169 652 627 465 265 212 198 328 771 706 929 237 755 831 464 992 166 247 824 142 346 523 902 914 564 533 661 171 701 312 149 610 354 614 227 682 177 424
487446010 43
129 290 535 236 121 351 579 286 949 755 779 294 277 680 207 841 565 867 11 265 531 159 227 884 124 805 917 653 580 926 303 60 568 190 647 40 540 226 677 488 980 455 133
668510256 79
340 448 50 558 458 667 440 969 893 675 444 49 592 628 869 751 39 436 940 686 475 831 911 151 318 242 957 802 849 443 493 297 844 403 754 510 842 74 517 518 154 460 317 133 680 67 172 468 6 857 942 836 119 445 505 360 753 307 208 547 799 504 391 201 610 252 395 683 263 552 511 221 644 287 815 220 645 23 514
91394480 58
958 337 852 62 995 59 609 145 915 999 698 524 250 92 558 607 706 462 470 779 682 113 531 320 927 751 964 301 264 796 441 573 484 292 634 478 702 594 622 968 592 671 843 194 762 753 152 467 214 621 597 247 733 128 918 11 230 882
83795311 23
29 103 769 512 746 402 989 800 996 962 767 939 633 610 484 362 988 565 927 608 161 525 693
222906640 92
55 869 675 718 713 703 172 481 214 918 235 554 69 582 516 835 872 500 796 356 245 157 343 161 435 302 322 959 346 961 753 401 182 427 470 246 130 641 727 910 313 897 978 764 813 117 263 960 824 859 469 518 20 903 693 517 5 966 269 186 392 738 432 521 379 510 216 288 822 464 618 419 227 430 887 841 741 63 51 209 580 422 112 103 114 677 972 119 642 240 304 385
333578330 61
906 60 596 473 347 769 936 316 187 514 745 426 706 838 488 756 46 67 178 509 522 643 185 493 761 732 417 563 61 503 820 120 451 292 819 219 579 134 758 92 231 183 797 68 22 552 465 440 81 974 961 724 510 453 836 688 537 252 250 949 107
918530069 63
909 360 591 479 938 724 236 381 306 770 177 725 791 80 542 231 513 515 191 24 996 71 711 532 675 312 480 781 380 252 689 91 842 167 918 755 760 223 876 288 300 19 720 841 249 232 707 467 82 138 889 145 21 563 456 501 695 188 104 735 278 946 254
52163658 64
360 769 437 235 409 88 253 128 280 853 359 986 996 177 420 133 65 564 154 980 19 6 674 558 109 761 836 54 14 845 268 373 965 705 959 792 212 852 72 416 210 411 738 828 544 155 743 49 134 114 159 671 514 271 506 920 284 702 187 8 667 243 967 391
786507035 32
243 458 945 804 218 356 542 398 251 696 140 299 181 253 704 691 276 569 314 781 488 949 835 27 957 853 269 275 655 485 112 100
921562289 100
455 830 79 57 877 218 707 409 823 410 451 98 331 764 230 818 713 64 844 21 916 465 295 159 119 450 995 231 549 283 912 356 464 990 412 692 559 452 381 880 903 210 18 60 380 730 475 575 102 391 39 748 901 158 247 740 530 651 805 345 992 568 389 902 686 840 635 918 742 479 760 523 858 841 350 433 471 42 980 591 238 719 40 721 196 816 712 763 204 966 801 43 600 718 137 63 248 938 406 440
762973287 39
734 378 660 128 721 640 70 310 710 461 781 431 656 596 494 418 151 459 570 545 58 287 681 473 835 280 762 240 720 400 429 805 777 440 932 849 353 510 141
379056813 88
571 820 237 64 590 387 875 159 932 284 798 964 756 984 244 517 575 315 268 3 119 44 794 403 225 755 754 717 920 395 639 739 632 54 328 370 928 487 653 212 636 617 319 619 188 193 526 455 547 644 851 340 46 94 916 153 199 72 594 622 810 676 490 946 603 599 166 963 567 485 581 778 672 125 303 126 671 298 976 362 696 422 278 848 620 261 271 213
489197883 96
789 558 921 735 512 248 685 678 562 251 162 494 28 185 618 682 662 288 331 638 650 378 411 279 225 30 539 847 595 421 383 330 199 469 842 799 153 519 360 403 32 854 782 568 471 815 229 111 498 218 112 875 628 390 452 10 280 298 604 53 576 338 382 775 159 223 573 311 93 284 66 476 137 43 960 366 624 422 863 193 533 737 821 274 188 182 553 486 957 413 826 339 187 984 561 647
762893006 70
64 481 883 262 876 842 979 851 263 841 43 147 930 215 772 469 396 677 306 884 633 719 710 971 257 45 720 691 889 114 754 721 348 368 596 190 346 798 804 539 303 820 55 74 288 803 750 946 686 383 664 747 353 272 792 236 991 834 476 456 588 197 307 144 345 4 942 500 894 782
792050802 99
188 876 353 990 625 298 28 359 313 774 64 584 917 651 927 751 127 382 690 675 537 996 818 233 351 111 733 597 244 534 309 432 761 13 773 738 662 152 96 974 926 159 910 842 810 944 288 921 633 962 980 779 42 331 242 485 660 587 268 420 952 41 509 613 544 605 939 821 115 200 15 276 387 958 915 659 591 468 570 7 510 252 248 283 178 732 294 117 352 714 744 222 32 287 322 108 645 521 122
171796272 60
79 187 918 669 62 385 591 68 894 842 667 529 372 751 822 840 102 535 259 845 109 642 131 638 964 590 282 484 711 554 743 790 740 12 810 153 396 400 573 290 242 239 818 965 341 991 804 442 878 986 703 121 975 666 710 257 502 421 162 596
405404562 40
607 723 757 354 123 329 643 716 920 812 32 260 803 835 54 680 896 691 17 950 811 991 968 873 599 469 645 112 416 206 364 374 280 121 727 754 801 370 821 720
860789533 81
980 687 686 33 366 933 75 734 883 238 77 850 110 675 670 754 787 85 311 502 458 590 974 184 696 775 905 516 494 438 368 473 124 53 857 842 986 284 927 220 521 3 69 982 30 738 87 816 174 397 669 983 338 643 166 417 423 901 262 212 268 320 943 528 657 226 807 876 98 809 296 79 838 165 5 558 913 674 540 603 668
323614058 32
84 480 887 697 691 154 783 377 826 78 257 482 303 63 358 753 223 653 831 413 38 996 417 947 260 442 487 862 109 544 849 375
445655735 38
65 889 23 441 714 100 49 195 755 463 904 859 686 909 689 98 298 36 514 244 296 308 82 157 416 625 5 960 351 92 552 415 980 574 208 45 26 256
51434239 65
71 495 990 756 755 30 205 404 66 70 999 713 377 81 869 793 57 226 104 408 317 655 174 648 580 381 692 957 989 282 440 59 776 781 166 882 811 370 637 876 439 636 940 816 716 808 960 124 385 415 531 53 421 705 700 352 437 391 309 777 673 100 835 800 881
24615352 15
691 721 670 918 160 305 857 327 372 16 286 496 753 700 378
490566805 36
434 505 471 223 895 131 999 919 583 186 71 463 537 104 258 773 774 769 430 630 95 801 997 732 648 749 431 378 554 902 811 410 724 33 656 207
559535384 71
789 569 997 603 105 100 107 362 224 880 130 5 861 576 806 209 307 805 958 89 182 863 342 345 624 418 729 279 112 205 764 32 553 366 137 652 472 850 228 703 332 232 563 907 389 771 214 194 80 654 727 294 996 423 917 413 504 548 388 615 104 151 999 657 516 135 660 339 336 887 41
782766667 76
955 574 859 725 139 404 157 144 483 450 905 367 903 408 914 290 375 17 792 373 25 659 685 997 194 571 389 213 41 343 138 252 420 276 655 576 419 137 910 394 743 812 153 8 454 879 377 245 251 401 904 461 85 7 641 219 48 335 356 651 754 983 306 681 753 794 58 662 539 800 826 692 160 279 570 536
715041523 92
936 778 633 373 30 991 380 670 209 779 356 916 430 110 898 87 142 651 880 199 664 419 999 489 462 510 119 31 45 642 203 332 771 188 704 800 178 435 821 739 566 177 6 995 638 904 433 906 978 921 82 328 410 895 837 528 926 233 521 480 564 292 19 620 443 549 406 264 287 971 792 317 429 547 749 559 804 413 536 725 846 215 486 741 403 365 18 635 886 497 551 529
43506516 83
971 64 575 586 702 546 377 345 862 157 244 963 716 47 375 603 123 572 170 608 664 973 681 207 210 530 757 90 397 278 412 812 204 350 513 749 726 209 235 452 277 302 851 3 256 574 425 933 238 997 257 270 555 818 799 663 907 195 292 670 6 495 19 870 596 745 431 910 331 882 186 632 84 188 887 57 113 989 12 245 972 918 62
398030770 72
320 317 223 989 674 717 8 896 664 104 326 573 434 559 758 417 643 945 655 51 410 318 39 759 329 635 82 246 48 852 177 719 520 751 59 193 820 66 88 483 521 765 56 306 324 813 722 110 729 368 519 46 629 727 744 711 143 914 501 213 433 603 271 625 422 337 65 905 209 181 960 515
131657856 47
588 173 585 316 892 103 362 649 84 440 744 146 763 886 59 615 98 491 218 721 467 639 57 883 895 617 64 854 131 919 330 719 444 914 34 335 369 747 336 452 186 79 597 301 317 7 915
722061766 75
484 486 315 475 894 550 369 511 965 575 993 235 904 711 678 169 97 365 537 843 700 340 381 130 288 33 798 294 299 564 142 783 401 809 609 647 710 977 509 674 903 501 908 806 586 327 660 302 215 854 1 555 842 618 280 488 917 195 981 51 947 789 659 593 498 987 453 523 890 306 431 47 869 368 373
230357880 95
588 733 21 494 319 502 687 288 781 174 204 975 507 606 922 295 264 866 145 251 19 140 624 449 538 844 168 911 723 188 850 455 208 343 125 62 29 413 842 555 968 817 61 574 90 707 189 955 851 439 625 222 930 600 670 468 443 190 730 517 377 579 324 937 921 448 998 301 212 191 855 180 359 915 105 622 293 755 824 84 379 45 365 331 67 184 773 608 913 642 336 843 965 272 115
99038764 12
416 976 812 622 507 170 889 611 970 862 255 724
112540685 72
454 82 55 784 500 238 909 459 503 550 794 697 514 418 812 277 390 579 604 201 200 110 723 440 72 692 301 327 767 338 16 220 771 70 4 270 660 264 80 813 873 210 678 642 373 306 32 951 910 584 19 942 443 349 595 769 115 932 136 335 702 558 690 323 569 953 402 117 626 291 268 664
674809099 63
966 360 234 820 379 540 114 173 888 708 941 3 639 428 689 692 985 378 14 553 682 767 986 798 392 277 943 11 292 393 661 609 753 895 429 483 434 542 655 673 249 947 675 239 374 363 930 711 92 295 615 773 61 601 922 804 229 216 815 520 475 480 713
782279721 40
195 506 801 849 179 401 795 205 639 520 920 230 11 214 197 136 626 797 409 430 25 625 244 896 585 70 375 649 143 283 843 648 435 43 826 836 189 31 708 302
612888746 19
312 311 486 799 937 282 208 366 658 184 961 553 120 30 927 768 524 561 962
519178172 33
4 997 831 192 379 8 251 680 753 892 344 416 377 142 352 10 701 69 667 236 29 571 707 410 498 826 934 58 787 105 405 453 587
430641685 39
595 936 215 347 179 558 114 556 52 465 917 104 533 340 913 506 398 323 3 224 608 413 10 712 817 152 516 404 188 699 350 123 914 48 654 823 162 209 226
928391626 49
330 511 412 21 775 918 418 97 272 641 56 36 3 119 205 506 635 960 693 685 309 168 950 356 821 773 517 381 998 495 857 679 357 621 699 131 538 117 580 161 109 549 111 754 753 616 740 64 424
548822372 21
726 79 296 850 596 676 199 442 884 878 798 504 576 280 393 44 211 554 153 846 454
896850263 49
206 231 42 621 539 465 992 366 542 422 661 391 369 688 590 810 923 467 959 427 394 239 819 790 449 724 942 646 177 556 948 734 786 989 354 676 806 697 41 347 119 53 738 487 92 679 649 15 145
773259607 63
890 197 611 679 998 335 972 995 863 880 943 949 665 931 654 693 736 703 85 435 173 138 172 11 229 850 659 595 346 618 35 587 166 266 163 684 589 158 546 468 100 846 485 382 852 177 470 554 261 904 726 750 427 331 628 747 925 973 364 312 911 529 309
114655528 4
992 117 201 889
113859936 73
735 420 385 586 948 854 491 561 109 216 310 535 303 992 162 49 917 486 764 228 397 293 888 924 336 879 392 767 328 891 853 747 275 790 47 481 280 607 589 495 268 476 150 612 989 198 528 475 962 107 223 606 994 498 224 890 180 990 217 422 843 315 48 984 361 880 264 319 821 758 939 296 907
802550 82
457 429 110 770 535 684 375 880 182 667 103 423 198 444 639 619 286 305 18 622 898 885 336 718 994 626 13 253 175 648 709 603 478 489 145 852 720 326 870 822 100 67 266 738 37 903 395 54 524 412 951 408 99 668 402 725 32 6 251 714 206 493 543 46 637 394 766 315 615 939 414 681 204 504 69 459 122 982 661 425 742 759
399816444 60
835 476 500 86 859 565 643 351 107 688 339 852 453 653 466 392 67 146 947 570 214 405 819 687 739 479 111 832 237 555 678 424 382 177 861 592 93 503 294 199 190 632 50 995 285 515 738 703 12 36 624 577 793 794 263 883 272 726 714 860
933779632 22
283 365 919 143 956 11 997 249 561 539 232 610 885 868 476 974 570 839 9 545 415 801
516173338 54
35 961 106 748 821 737 490 455 101 760 950 408 122 946 8 34 484 240 643 720 107 470 693 29 308 702 925 74 854 615 889 575 560 988 747 297 830 202 749 941 503 509 415 448 516 284 91 355 214 912 48 594 572 870
708584645 91
484 99 194 59 11 534 805 307 715 358 407 655 860 915 69 660 783 517 295 889 959 649 454 222 48 399 793 148 269 790 752 240 647 162 250 532 967 908 246 676 315 253 888 581 673 547 189 193 604 499 57 721 241 456 865 740 724 654 827 894 192 989 143 723 51 321 982 717 925 221 597 767 364 138 311 319 636 856 375 708 448 182 573 187 257 578 380 84 471 571 424
231825966 18
730 368 965 63 436 889 284 486 402 799 623 65 117 610 920 844 670 367
39111025 58
553 634 171 284 69 994 854 492 959 499 573 678 463 987 113 704 622 548 189 24 699 163 440 167 124 359 10 145 77 387 738 981 20 909 265 254 118 283 212 968 207 241 431 193 705 486 815 604 674 190 302 188 629 469 663 339 830 808
924603767 61
545 747 587 805 363 26 58 833 660 621 800 866 861 582 411 917 67 225 521 92 766 174 279 746 994 294 436 824 101 202 39 997 300 978 802 663 355 211 495 15 832 646 232 44 228 642 961 218 386 983 6 16 80 1000 661 515 823 761 68 213 758
509482720 38
911 734 897 121 580 263 304 225 494 348 452 136 660 98 353 844 835 688 849 202 767 200 863 634 374 975 701 939 84 420 480 994 505 728 467 990 770 309
837278836 94
112 971 480 209 675 323 43 362 172 597 481 723 459 114 97 433 166 387 869 938 866 862 442 946 680 526 287 450 834 122 270 945 444 750 506 471 72 900 832 595 496 664 318 954 777 766 739 943 152 959 880 369 321 314 852 198 601 653 31 74 922 328 518 23 833 988 95 732 171 689 580 187 358 885 963 475 623 257 626 933 488 347 105 161 660 956 612 960 741 686 881 68 555 904
238593252 34
350 983 416 390 562 602 100 447 917 574 421 525 200 706 13 546 810 173 557 765 882 521 724 622 206 956 689 112 211 940 357 912 275 772
73053302 34
726 401 986 994 974 759 518 525 464 530 422 273 54 331 389 288 851 909 408 771 950 519 982 889 875 893 515 998 546 55 75 298 40 68
898129272 8
586 148 613 467 922 237 873 252
662120977 31
454 440 68 861 563 17 731 896 258 957 140 124 306 686 178 381 983 570 448 606 719 33 106 684 852 27 920 724 630 249 883
143336083 71
302 295 602 671 25 497 928 333 637 51 638 322 581 18 656 150 466 614 868 850 719 551 701 745 823 424 726 71 658 808 110 960 102 64 982 478 560 261 810 196 311 447 869 243 817 877 392 634 490 260 483 208 162 184 304 336 959 29 758 969 188 280 289 931 118 842 521 927 390 183 725
752197258 76
893 486 817 526 975 428 9 534 942 544 837 277 854 217 35 822 404 254 101 44 536 713 161 377 233 439 766 416 516 376 193 408 861 934 188 789 294 721 82 189 910 358 42 478 744 216 882 349 668 925 884 381 438 613 876 378 380 391 105 572 799 966 933 84 505 225 802 917 511 310 964 607 525 197 955 121
997167839 68
558 451 537 786 180 917 176 285 840 326 602 772 409 106 492 137 682 645 53 168 508 363 483 466 239 679 420 783 151 610 707 61 412 596 846 944 512 21 228 703 699 181 475 107 638 318 244 319 315 648 838 822 362 672 639 601 350 58 383 853 20 442 913 431 37 110 374 900
25228482 36
602 180 485 76 287 122 394 882 441 708 881 630 243 302 519 195 3 928 929 855 947 370 119 730 758 228 455 657 710 760 259 889 244 686 527 366
834131431 15
158 490 641 139 722 883 792 240 429 795 520 357 1 818 79
830578120 85
836 699 2 845 408 761 103 649 356 140 175 721 571 935 230 412 927 369 134 809 160 725 589 306 244 945 307 62 23 778 960 211 828 313 55 588 73 509 236 429 648 762 501 570 48 83 334 974 803 467 314 191 722 620 787 19 278 200 41 407 159 603 234 472 657 821 896 165 676 170 529 86 569 963 419 543 765 237 78 780 750 49 918 768 678
511626117 7
436 627 763 22 450 419 194
892043698 65
602 725 452 123 253 889 691 215 660 233 331 896 261 761 27 10 161 944 777 839 60 936 626 39 50 647 840 821 193 537 756 794 262 559 268 866 799 958 433 458 543 763 354 803 523 380 164 684 676 292 874 735 227 499 125 629 498 965 449 690 501 556 835 114 102
935677980 5
411 412 722 953 526
176579427 100
49 158 622 84 833 913 957 920 492 807 44 120 304 8 568 345 861 123 531 326 588 984 657 851 395 420 572 699 946 998 994 156 779 77 988 385 907 887 191 303 6 847 310 925 543 522 399 74 200 986 57 856 836 803 276 760 502 573 757 11 566 264 789 604 184 730 510 70 812 427 118 474 351 661 347 749 86 546 494 754 274 297 381 33 150 953 141 160 870 405 300 863 484 944 869 905 332 333 858 682
414265993 60
783 430 454 868 923 207 141 219 587 525 368 539 666 527 408 70 179 622 429 662 565 649 566 779 681 249 111 538 931 455 446 65 884 899 932 807 105 425 25 691 949 745 581 614 623 340 35 801 313 463 814 229 112 732 7 144 980 470 34 910
711997924 46
974 808 377 258 614 481 682 990 523 630 86 455 596 61 794 861 458 445 27 686 908 758 692 403 737 161 436 999 437 266 324 244 642 933 209 474 550 348 636 802 543 48 947 524 404 968
890036934 41
227 43 133 630 780 645 417 130 81 683 453 676 386 236 150 351 786 497 298 773 299 840 172 597 364 79 1 365 441 262 407 925 243 538 922 659 667 354 693 472 30
601472369 20
617 518 911 754 14 209 878 664 48 49 261 763 128 613 446 844 405 707 602 330
872747949 14
603 959 158 956 652 981 337 372 541 954 889 452 707 254
72309660 46
918 59 633 530 822 112 494 619 307 898 677 261 579 625 752 181 935 489 938 242 825 309 782 778 197 585 485 803 244 421 72 303 405 601 476 869 446 94 527 695 770 787 274 746 538 806
756566032 14
294 970 392 119 278 525 248 827 110 732 981 705 504 52
10501007 83
4 834 129 449 279 655 143 400 794 768 145 331 926 529 571 498 872 689 127 397 937 305 506 20 637 210 876 688 569 136 43 754 616 491 33 622 986 432 415 105 929 98 30 457 578 601 306 450 641 784 846 441 703 301 77 264 176 117 184 663 159 938 278 2 970 251 987 401 18 443 681 115 825 137 692 777 141 417 338 698 370 392 998
395910446 87
525 562 839 187 721 776 816 74 97 418 412 850 435 854 530 549 678 19 241 454 812 733 223 741 423 920 462 814 269 908 469 793 821 660 331 893 498 966 884 915 377 702 583 614 250 612 632 842 796 575 640 888 349 911 350 162 531 609 983 323 781 642 5 674 428 991 311 120 720 395 302 9 71 913 992 264 330 787 190 321 27 538 728 700 113 336 682
864992787 96
323 143 141 102 996 132 413 116 851 807 936 152 167 358 416 159 622 98 945 811 770 701 353 50 400 465 385 433 604 853 107 746 993 208 742 476 620 209 326 779 496 829 206 245 455 827 694 752 989 463 74 689 124 440 984 860 872 587 64 978 332 57 186 425 532 157 985 210 287 481 38 584 634 216 327 789 204 142 863 308 338 36 291 549 260 877 613 237 561 669 774 337 552 283 674 113
64544569 78
151 504 543 136 542 758 815 682 313 956 896 909 615 233 945 258 782 204 486 394 792 46 414 566 735 317 200 408 430 120 913 932 624 807 419 517 564 198 876 540 446 137 507 678 81 764 811 636 249 556 427 647 969 344 733 638 140 663 404 702 562 154 125 705 703 352 244 148 488 102 178 920 865 988 555 114 544 982
594127112 5
325 844 853 868 335
166266623 56
90 324 519 651 796 24 775 500 78 478 95 226 318 197 755 237 61 742 792 526 637 125 853 449 832 705 668 166 680 901 255 3 771 905 798 794 31 649 224 861 744 801 178 940 555 766 352 648 557 230 285 681 218 489 482 50
591665545 84
567 224 402 822 227 172 78 376 318 461 25 541 673 768 341 850 59 247 615 762 894 524 991 530 556 561 18 389 610 563 890 176 138 291 349 364 814 779 92 483 591 116 375 263 235 715 464 645 313 430 758 207 305 101 736 861 661 106 249 622 668 149 805 780 521 946 628 964 428 570 79 803 184 665 869 999 182 418 740 733 518 475 945 178
767190580 87
151 599 683 300 756 814 149 628 759 128 591 539 49 21 693 232 37 913 230 697 446 9 114 185 93 984 12 513 943 582 664 894 616 963 649 429 463 540 590 218 78 638 122 221 626 386 802 322 832 810 787 368 255 770 379 643 283 674 224 946 567 839 260 215 620 722 842 159 663 411 588 1000 709 520 977 94 673 298 277 482 84 645 88 206 375 731 488
558138048 5
785 614 497 396 180
319404116 19
373 274 779 783 213 430 134 921 301 110 366 973 759 643 806 843 639 894 48
403829013 51
887 61 281 23 674 129 418 206 244 534 578 869 664 361 81 93 846 353 745 308 71 717 66 713 522 260 351 415 307 363 390 545 775 567 801 151 336 6 747 221 583 615 884 295 48 328 141 752 72 448 822
744052788 50
886 662 125 236 76 783 951 818 328 77 192 246 877 342 582 882 88 802 817 55 38 111 454 365 603 205 789 50 27 928 267 264 589 391 852 17 173 834 230 25 98 107 718 31 340 806 832 156 212 221
664250267 60
938 869 221 726 271 599 653 889 863 594 279 714 610 451 867 443 655 96 819 104 554 536 134 894 693 317 401 256 538 667 272 475 888 493 552 510 556 398 305 149 676 370 758 478 236 484 684 722 587 237 72 482 302 389 883 910 278 901 181 788
193911025 23
649 468 562 398 772 711 425 494 820 255 729 724 738 764 445 325 1 54 396 834 708 136 716
51807617 73
617 797 868 756 822 874 405 641 436 802 764 146 579 257 317 833 986 40 570 101 485 246 890 994 287 597 129 2 565 894 970 714 113 726 887 987 482 527 422 635 290 919 213 547 235 45 884 627 615 984 463 860 437 352 205 723 301 334 724 865 46 578 43 771 816 29 252 342 238 632 720 451 530
760481307 20
413 285 813 748 747 25 184 450 229 258 750 914 334 967 492 379 896 535 149 712
670022915 62
405 717 341 388 788 791 917 446 990 681 730 802 429 828 826 612 278 55 222 379 968 555 345 812 933 593 698 433 656 536 60 680 876 448 468 19 364 265 8 45 995 809 825 822 987 451 393 9 830 712 563 526 523 847 118 572 279 125 814 185 215 690
260584984 70
708 699 299 67 95 645 227 919 818 213 707 269 957 450 669 630 975 543 828 445 115 107 569 650 272 753 216 313 736 250 372 787 900 438 881 544 665 800 361 229 506 981 186 572 430 206 553 405 748 381 849 214 839 769 215 110 874 431 775 961 680 146 747 931 584 628 474 600 427 284
49843519 83
207 948 570 760 704 318 492 904 883 682 673 98 143 546 528 917 506 559 63 253 489 998 232 314 597 658 851 776 941 369 141 499 317 710 258 20 379 101 924 262 134 359 277 845 238 193 350 148 607 954 636 604 185 301 552 194 151 328 486 520 468 985 836 529 594 908 695 482 521 828 429 231 456 625 1 975 967 280 602 563 817 254 114
717220010 30
441 848 923 260 832 110 789 425 317 48 471 150 568 651 931 106 555 969 881 935 65 161 536 627 329 92 690 544 533 537
516967467 3
368 928 932
8736145 35
979 615 746 898 265 676 47 723 230 15 180 463 949 244 975 836 222 303 976 666 992 520 550 529 338 693 248 625 392 509 955 7 606 853 623
441650281 24
697 862 914 877 324 472 298 50 46 952 25 711 944 544 260 824 881 71 146 928 463 6 883 821
935560611 90
795 243 985 492 456 250 368 780 464 191 429 513 236 381 537 298 676 433 557 851 313 861 921 810 140 735 167 22 907 129 108 702 723 445 193 179 694 912 310 157 102 738 669 690 470 558 987 497 990 896 347 654 756 620 816 895 706 982 269 613 463 728 666 185 172 210 363 866 121 672 374 574 762 43 615 231 600 954 80 941 849 426 594 604 397 409 850 103 743 67
754864205 32
732 741 369 293 104 586 765 127 960 690 888 354 305 471 258 550 245 106 327 838 61 76 599 262 178 693 596 249 929 679 989 649
376328971 57
587 735 571 546 424 458 251 728 280 555 337 181 799 442 508 988 854 583 938 116 112 630 199 707 878 479 385 867 127 355 310 713 441 880 610 864 690 212 944 969 766 150 916 74 9 904 927 943 193 394 406 823 592 464 52 422 200
712458270 51
554 932 613 346 811 575 209 852 786 504 173 904 784 674 819 34 74 487 976 267 881 733 89 824 196 492 246 395 762 146 300 693 110 645 855 684 205 59 822 709 231 725 844 543 52 937 617 538 264 883 770
571037996 57
946 543 166 191 937 927 688 588 971 797 232 178 481 788 236 654 848 466 378 691 721 920 94 9 888 632 272 122 401 619 444 346 161 610 449 575 36 211 724 388 556 406 623 209 254 440 586 296 512 857 390 520 97 21 791 218 773
698519409 50
471 921 975 710 369 862 637 404 72 360 374 811 915 779 433 475 384 224 60 680 735 268 421 254 716 793 396 934 565 804 947 387 76 449 444 134 85 199 558 796 572 368 62 703 153 536 86 376 117 463
20941566 31
716 282 329 464 215 246 619 513 984 695 785 432 138 270 868 689 827 663 260 195 724 962 699 259 400 74 557 888 123 405 604
503451404 63
67 970 682 37 482 666 731 618 449 221 887 317 909 66 331 520 612 407 310 17 233 735 574 100 623 696 856 578 99 293 996 68 974 32 901 991 763 518 440 983 756 108 243 173 438 762 136 196 595 445 213 827 180 786 927 154 481 134 579 426 78 998 400
27727109 37
390 223 767 181 205 874 288 447 399 78 561 534 625 155 979 837 982 510 622 260 15 454 393 745 32 171 174 381 570 282 278 311 505 396 844 61 270
136791483 75
668 912 420 201 537 574 531 373 907 392 347 166 406 800 911 502 832 81 675 212 2 957 842 312 813 237 507 873 858 990 84 877 901 503 430 437 429 960 810 335 352 156 853 109 955 763 611 138 195 285 702 196 593 895 859 757 131 718 982 341 707 65 217 607 920 646 44 700 958 205 34 661 712 238 769
926066666 55
731 156 546 368 209 93 960 103 304 69 585 21 50 925 727 466 142 685 737 139 728 436 96 284 822 756 995 59 877 13 411 607 168 308 974 376 753 286 830 56 354 414 428 755 339 506 220 832 190 957 322 270 744 418 553
894989565 72
548 624 401 560 386 8 79 693 981 806 445 266 635 852 619 48 279 725 738 136 945 921 326 253 243 595 348 660 499 913 536 46 888 937 957 273 944 35 317 276 840 114 542 474 965 512 874 596 237 611 731 533 532 408 137 126 2 484 785 853 748 320 898 608 855 259 551 241 928 827 81 41
928360720 71
5 231 779 600 819 742 683 703 273 90 839 398 444 675 534 296 774 205 545 761 813 751 19 715 992 946 893 72 986 612 329 343 195 108 294 365 849 976 68 473 418 258 222 861 284 107 156 58 311 52 818 475 803 188 190 794 486 434 217 823 46 165 592 652 811 956 852 786 375 324 555
